Na: 1000
Nd: 20
Rd: 9.0
a: 0.07
d: 0.5077133059428726
Δ0: 0.0
E0: 0.001
w0: 4.0
θ: 0.17453292519943295
Averaged iterations: 1000
