Na: 600
Nd: 40
Rd: 9.0
a: 0.07
d: 0.5077133059428726
Δ0: 0.25
E0: 0.001
w0: 4.0
θ: 1.5707963267948966
Averaged iterations: 500000
